{
 "cells": [
  {
   "cell_type": "code",
   "execution_count": 66,
   "metadata": {},
   "outputs": [],
   "source": [
    "#Titanic Machine Learning challenge\n",
    "#Data preparation / Data wrangling / Data pre-processing\n",
    "\n",
    "# Data preprocessing includes cleaning, Instance selection, normalization, transformation, feature extraction and selection, etc. The product of data preprocessing is the final training set. \n",
    "\n",
    "#https://www.kaggle.com/c/titanic/data\n",
    "\n",
    "import pandas as pd\n",
    "import matplotlib as plt\n",
    "import numpy as np\n",
    "from sklearn.model_selection import train_test_split\n",
    "\n",
    "df = pd.read_csv(\"D:\\\\Datasets\\\\Titanic Machine Learning from Disaster\\\\kaggle datasets\\\\train.csv\")\n"
   ]
  },
  {
   "cell_type": "code",
   "execution_count": 79,
   "metadata": {},
   "outputs": [],
   "source": [
    "#Create new variables\n",
    "df[\"Sex\"] = (df[\"Sex\"] == \"male\").astype(int)\n",
    "df[\"1st_class\"] = (df[\"Pclass\"] == 1).astype(int)\n",
    "df[\"2nd_class\"] = (df[\"Pclass\"] == 2).astype(int)     \n",
    "df[\"cabin_area\"] = df[\"Cabin\"].str[0:1]\n",
    "df[\"Kid\"] = (df[\"Age\"] <= 7).astype(int)\n",
    "df[\"kid_siblings\"] = (df[\"Age\"] <= 7).astype(int) * df[\"SibSp\"]\n",
    "df[\"fare_tran\"] = df[\"Fare\"] ** -0.5\n",
    "df[\"SibSp_flag\"] = (df[\"SibSp\"] != 0).astype(int)\n",
    "\n",
    "df[\"age_tran\"] = df[\"Age\"] ** -0.5\n"
   ]
  },
  {
   "cell_type": "code",
   "execution_count": 85,
   "metadata": {},
   "outputs": [
    {
     "output_type": "execute_result",
     "data": {
      "text/plain": "              PassengerId  Survived    Pclass  Sex       Age     SibSp  \\\nPassengerId      1.000000 -0.005007 -0.035144  NaN  0.036847 -0.057527   \nSurvived        -0.005007  1.000000 -0.338481  NaN -0.077221 -0.035322   \nPclass          -0.035144 -0.338481  1.000000  NaN -0.369226  0.083081   \nSex                   NaN       NaN       NaN  NaN       NaN       NaN   \nAge              0.036847 -0.077221 -0.369226  NaN  1.000000 -0.308247   \nSibSp           -0.057527 -0.035322  0.083081  NaN -0.308247  1.000000   \nParch           -0.001652  0.081629  0.018443  NaN -0.189119  0.414838   \nFare             0.012658  0.257307 -0.549500  NaN  0.096067  0.159651   \n1st_class        0.034303  0.285904 -0.885924  NaN  0.348941 -0.054582   \n2nd_class       -0.000086  0.093349 -0.188432  NaN  0.006954 -0.055932   \nKid             -0.020192  0.148489  0.079183  NaN -0.505023  0.269243   \nkid_siblings    -0.055988 -0.001669  0.106367  NaN -0.367865  0.425198   \nfare_tran       -0.001766 -0.326160  0.750518  NaN -0.128083 -0.359576   \nSibSp_flag      -0.053397  0.115867 -0.076009  NaN -0.162893  0.695562   \nage_tran        -0.011703  0.144238  0.174370  NaN -0.644227  0.339369   \n\n                 Parch      Fare  1st_class  2nd_class       Kid  \\\nPassengerId  -0.001652  0.012658   0.034303  -0.000086 -0.020192   \nSurvived      0.081629  0.257307   0.285904   0.093349  0.148489   \nPclass        0.018443 -0.549500  -0.885924  -0.188432  0.079183   \nSex                NaN       NaN        NaN        NaN       NaN   \nAge          -0.189119  0.096067   0.348941   0.006954 -0.505023   \nSibSp         0.414838  0.159651  -0.054582  -0.055932  0.269243   \nParch         1.000000  0.216225  -0.017633  -0.000734  0.296131   \nFare          0.216225  1.000000   0.591711  -0.118557 -0.005024   \n1st_class    -0.017633  0.591711   1.000000  -0.288585 -0.103793   \n2nd_class    -0.000734 -0.118557  -0.288585   1.000000  0.056314   \nKid           0.296131 -0.005024  -0.103793   0.056314  1.000000   \nkid_siblings  0.229618  0.002122  -0.091763  -0.025272  0.734982   \nfare_tran    -0.368496 -0.687650  -0.698085  -0.074075 -0.117182   \nSibSp_flag    0.356133  0.192190   0.058470   0.033099  0.221219   \nage_tran      0.282745 -0.035335  -0.176896   0.021518  0.843295   \n\n              kid_siblings  fare_tran  SibSp_flag  age_tran  \nPassengerId      -0.055988  -0.001766   -0.053397 -0.011703  \nSurvived         -0.001669  -0.326160    0.115867  0.144238  \nPclass            0.106367   0.750518   -0.076009  0.174370  \nSex                    NaN        NaN         NaN       NaN  \nAge              -0.367865  -0.128083   -0.162893 -0.644227  \nSibSp             0.425198  -0.359576    0.695562  0.339369  \nParch             0.229618  -0.368496    0.356133  0.282745  \nFare              0.002122  -0.687650    0.192190 -0.035335  \n1st_class        -0.091763  -0.698085    0.058470 -0.176896  \n2nd_class        -0.025272  -0.074075    0.033099  0.021518  \nKid               0.734982  -0.117182    0.221219  0.843295  \nkid_siblings      1.000000  -0.122591    0.262677  0.573971  \nfare_tran        -0.122591   1.000000   -0.445133 -0.045712  \nSibSp_flag        0.262677  -0.445133    1.000000  0.218222  \nage_tran          0.573971  -0.045712    0.218222  1.000000  ",
      "text/html": "<div>\n<style scoped>\n    .dataframe tbody tr th:only-of-type {\n        vertical-align: middle;\n    }\n\n    .dataframe tbody tr th {\n        vertical-align: top;\n    }\n\n    .dataframe thead th {\n        text-align: right;\n    }\n</style>\n<table border=\"1\" class=\"dataframe\">\n  <thead>\n    <tr style=\"text-align: right;\">\n      <th></th>\n      <th>PassengerId</th>\n      <th>Survived</th>\n      <th>Pclass</th>\n      <th>Sex</th>\n      <th>Age</th>\n      <th>SibSp</th>\n      <th>Parch</th>\n      <th>Fare</th>\n      <th>1st_class</th>\n      <th>2nd_class</th>\n      <th>Kid</th>\n      <th>kid_siblings</th>\n      <th>fare_tran</th>\n      <th>SibSp_flag</th>\n      <th>age_tran</th>\n    </tr>\n  </thead>\n  <tbody>\n    <tr>\n      <td>PassengerId</td>\n      <td>1.000000</td>\n      <td>-0.005007</td>\n      <td>-0.035144</td>\n      <td>NaN</td>\n      <td>0.036847</td>\n      <td>-0.057527</td>\n      <td>-0.001652</td>\n      <td>0.012658</td>\n      <td>0.034303</td>\n      <td>-0.000086</td>\n      <td>-0.020192</td>\n      <td>-0.055988</td>\n      <td>-0.001766</td>\n      <td>-0.053397</td>\n      <td>-0.011703</td>\n    </tr>\n    <tr>\n      <td>Survived</td>\n      <td>-0.005007</td>\n      <td>1.000000</td>\n      <td>-0.338481</td>\n      <td>NaN</td>\n      <td>-0.077221</td>\n      <td>-0.035322</td>\n      <td>0.081629</td>\n      <td>0.257307</td>\n      <td>0.285904</td>\n      <td>0.093349</td>\n      <td>0.148489</td>\n      <td>-0.001669</td>\n      <td>-0.326160</td>\n      <td>0.115867</td>\n      <td>0.144238</td>\n    </tr>\n    <tr>\n      <td>Pclass</td>\n      <td>-0.035144</td>\n      <td>-0.338481</td>\n      <td>1.000000</td>\n      <td>NaN</td>\n      <td>-0.369226</td>\n      <td>0.083081</td>\n      <td>0.018443</td>\n      <td>-0.549500</td>\n      <td>-0.885924</td>\n      <td>-0.188432</td>\n      <td>0.079183</td>\n      <td>0.106367</td>\n      <td>0.750518</td>\n      <td>-0.076009</td>\n      <td>0.174370</td>\n    </tr>\n    <tr>\n      <td>Sex</td>\n      <td>NaN</td>\n      <td>NaN</td>\n      <td>NaN</td>\n      <td>NaN</td>\n      <td>NaN</td>\n      <td>NaN</td>\n      <td>NaN</td>\n      <td>NaN</td>\n      <td>NaN</td>\n      <td>NaN</td>\n      <td>NaN</td>\n      <td>NaN</td>\n      <td>NaN</td>\n      <td>NaN</td>\n      <td>NaN</td>\n    </tr>\n    <tr>\n      <td>Age</td>\n      <td>0.036847</td>\n      <td>-0.077221</td>\n      <td>-0.369226</td>\n      <td>NaN</td>\n      <td>1.000000</td>\n      <td>-0.308247</td>\n      <td>-0.189119</td>\n      <td>0.096067</td>\n      <td>0.348941</td>\n      <td>0.006954</td>\n      <td>-0.505023</td>\n      <td>-0.367865</td>\n      <td>-0.128083</td>\n      <td>-0.162893</td>\n      <td>-0.644227</td>\n    </tr>\n    <tr>\n      <td>SibSp</td>\n      <td>-0.057527</td>\n      <td>-0.035322</td>\n      <td>0.083081</td>\n      <td>NaN</td>\n      <td>-0.308247</td>\n      <td>1.000000</td>\n      <td>0.414838</td>\n      <td>0.159651</td>\n      <td>-0.054582</td>\n      <td>-0.055932</td>\n      <td>0.269243</td>\n      <td>0.425198</td>\n      <td>-0.359576</td>\n      <td>0.695562</td>\n      <td>0.339369</td>\n    </tr>\n    <tr>\n      <td>Parch</td>\n      <td>-0.001652</td>\n      <td>0.081629</td>\n      <td>0.018443</td>\n      <td>NaN</td>\n      <td>-0.189119</td>\n      <td>0.414838</td>\n      <td>1.000000</td>\n      <td>0.216225</td>\n      <td>-0.017633</td>\n      <td>-0.000734</td>\n      <td>0.296131</td>\n      <td>0.229618</td>\n      <td>-0.368496</td>\n      <td>0.356133</td>\n      <td>0.282745</td>\n    </tr>\n    <tr>\n      <td>Fare</td>\n      <td>0.012658</td>\n      <td>0.257307</td>\n      <td>-0.549500</td>\n      <td>NaN</td>\n      <td>0.096067</td>\n      <td>0.159651</td>\n      <td>0.216225</td>\n      <td>1.000000</td>\n      <td>0.591711</td>\n      <td>-0.118557</td>\n      <td>-0.005024</td>\n      <td>0.002122</td>\n      <td>-0.687650</td>\n      <td>0.192190</td>\n      <td>-0.035335</td>\n    </tr>\n    <tr>\n      <td>1st_class</td>\n      <td>0.034303</td>\n      <td>0.285904</td>\n      <td>-0.885924</td>\n      <td>NaN</td>\n      <td>0.348941</td>\n      <td>-0.054582</td>\n      <td>-0.017633</td>\n      <td>0.591711</td>\n      <td>1.000000</td>\n      <td>-0.288585</td>\n      <td>-0.103793</td>\n      <td>-0.091763</td>\n      <td>-0.698085</td>\n      <td>0.058470</td>\n      <td>-0.176896</td>\n    </tr>\n    <tr>\n      <td>2nd_class</td>\n      <td>-0.000086</td>\n      <td>0.093349</td>\n      <td>-0.188432</td>\n      <td>NaN</td>\n      <td>0.006954</td>\n      <td>-0.055932</td>\n      <td>-0.000734</td>\n      <td>-0.118557</td>\n      <td>-0.288585</td>\n      <td>1.000000</td>\n      <td>0.056314</td>\n      <td>-0.025272</td>\n      <td>-0.074075</td>\n      <td>0.033099</td>\n      <td>0.021518</td>\n    </tr>\n    <tr>\n      <td>Kid</td>\n      <td>-0.020192</td>\n      <td>0.148489</td>\n      <td>0.079183</td>\n      <td>NaN</td>\n      <td>-0.505023</td>\n      <td>0.269243</td>\n      <td>0.296131</td>\n      <td>-0.005024</td>\n      <td>-0.103793</td>\n      <td>0.056314</td>\n      <td>1.000000</td>\n      <td>0.734982</td>\n      <td>-0.117182</td>\n      <td>0.221219</td>\n      <td>0.843295</td>\n    </tr>\n    <tr>\n      <td>kid_siblings</td>\n      <td>-0.055988</td>\n      <td>-0.001669</td>\n      <td>0.106367</td>\n      <td>NaN</td>\n      <td>-0.367865</td>\n      <td>0.425198</td>\n      <td>0.229618</td>\n      <td>0.002122</td>\n      <td>-0.091763</td>\n      <td>-0.025272</td>\n      <td>0.734982</td>\n      <td>1.000000</td>\n      <td>-0.122591</td>\n      <td>0.262677</td>\n      <td>0.573971</td>\n    </tr>\n    <tr>\n      <td>fare_tran</td>\n      <td>-0.001766</td>\n      <td>-0.326160</td>\n      <td>0.750518</td>\n      <td>NaN</td>\n      <td>-0.128083</td>\n      <td>-0.359576</td>\n      <td>-0.368496</td>\n      <td>-0.687650</td>\n      <td>-0.698085</td>\n      <td>-0.074075</td>\n      <td>-0.117182</td>\n      <td>-0.122591</td>\n      <td>1.000000</td>\n      <td>-0.445133</td>\n      <td>-0.045712</td>\n    </tr>\n    <tr>\n      <td>SibSp_flag</td>\n      <td>-0.053397</td>\n      <td>0.115867</td>\n      <td>-0.076009</td>\n      <td>NaN</td>\n      <td>-0.162893</td>\n      <td>0.695562</td>\n      <td>0.356133</td>\n      <td>0.192190</td>\n      <td>0.058470</td>\n      <td>0.033099</td>\n      <td>0.221219</td>\n      <td>0.262677</td>\n      <td>-0.445133</td>\n      <td>1.000000</td>\n      <td>0.218222</td>\n    </tr>\n    <tr>\n      <td>age_tran</td>\n      <td>-0.011703</td>\n      <td>0.144238</td>\n      <td>0.174370</td>\n      <td>NaN</td>\n      <td>-0.644227</td>\n      <td>0.339369</td>\n      <td>0.282745</td>\n      <td>-0.035335</td>\n      <td>-0.176896</td>\n      <td>0.021518</td>\n      <td>0.843295</td>\n      <td>0.573971</td>\n      <td>-0.045712</td>\n      <td>0.218222</td>\n      <td>1.000000</td>\n    </tr>\n  </tbody>\n</table>\n</div>"
     },
     "metadata": {},
     "execution_count": 85
    }
   ],
   "source": [
    "df.corr()"
   ]
  },
  {
   "cell_type": "code",
   "execution_count": 81,
   "metadata": {},
   "outputs": [],
   "source": [
    "#Create training and test data set\n",
    "\n",
    "cali, vali = train_test_split(df, test_size=0.2)"
   ]
  },
  {
   "cell_type": "code",
   "execution_count": 82,
   "metadata": {
    "tags": []
   },
   "outputs": [
    {
     "output_type": "stream",
     "name": "stdout",
     "text": "891 712 179\n"
    }
   ],
   "source": [
    "print(len(df) , len(cali) , len(vali))"
   ]
  },
  {
   "cell_type": "code",
   "execution_count": 83,
   "metadata": {},
   "outputs": [],
   "source": [
    "# save training and test datasets physically\n",
    "df.to_csv(\"D:\\\\Datasets\\\\Titanic Machine Learning from Disaster\\\\kaggle datasets\\\\train_prep.csv\")\n",
    "\n",
    "\n",
    "cali.to_csv(\"D:\\\\Datasets\\\\Titanic Machine Learning from Disaster\\\\kaggle datasets\\\\cali.csv\")\n",
    "vali.to_csv(\"D:\\\\Datasets\\\\Titanic Machine Learning from Disaster\\\\kaggle datasets\\\\vali.csv\")"
   ]
  },
  {
   "cell_type": "code",
   "execution_count": null,
   "metadata": {},
   "outputs": [],
   "source": []
  }
 ],
 "metadata": {
  "language_info": {
   "codemirror_mode": {
    "name": "ipython",
    "version": 3
   },
   "file_extension": ".py",
   "mimetype": "text/x-python",
   "name": "python",
   "nbconvert_exporter": "python",
   "pygments_lexer": "ipython3",
   "version": "3.7.4-final"
  },
  "orig_nbformat": 2,
  "kernelspec": {
   "name": "python3",
   "display_name": "Python 3"
  }
 },
 "nbformat": 4,
 "nbformat_minor": 2
}